1
2
3
1
2
3
1
2
3
3
1
1
1
1
1
1
1
1
1
1
1
1
2
3
1
2
3
1
2
3
1
1
1
2
2
2
2
2
3
2
2
3
2
1
2
3
3
1
2
3
1
2
3
2
1
2
3
1
2
3
1
2
3
1
2
3
1
2
3
1
2
3
3
1
2
3
1
1
2
3
1
2
3
1
2
3
1
2
1
2
3
1
2
3
1
2
1
2
3
1
2
3
1
2
3
1
2
3
1
2
3
1
2
3
1
2
3
1
2
3
1
2
3
3
2
1
1
2
2
3
2
1
1
1
2
1
1
2
3
1
3
1
2
1
2
3
1
1
1
2
2
2
3
3
2
2
3
3
1
2
3
2
2
3
1
2
3
2
1
2
3
3
2
0
0
0
0
0
0
0
0
0
3
1
2
2
2
2
2
3
3
2
3
3
1
3
3
3
3
2
11
11
11
11
11
11
11
11
11
11
11
11
11
11
11
11
11
11
10
11
12
10
11
12
12
20
10
11
12
12
20
10
11
12
12
20
10
11
12
12
20
10
11
12
12
20
10
11
12
12
20
10
11
12
12
20
10
11
12
12
20
10
11
12
12
20
10
11
12
12
20
-1
11
11
11
11
10
11
12
12
20
10
11
12
12
20
10
11
12
12
20
10
11
12
12
20
10
11
12
12
20
21
21
21
21
21
21
21
21
21
21
21
