-1 0
40 10
60 40
120 80
160 150
60 10
90 50
130 100
180 200
90 30
150 60
240 90
300 150
90 30
140 60
220 100
320 200
40 20
100 50
160 80
230 150
80 60
120 100
200 100
300 200
170 50
220 100
270 150
370 200
100 30
130 60
160 90
200 150
90 30
140 60
190 90
260 150
40 15
60 60
160 90
220 150
100 0
100 0
300 0
500 0
120 50
220 80
280 120
400 200
50 50
100 80
160 120
200 200
100 50
170 100
220 150
300 200
120 20
160 40
210 60
320 80
130 50
170 100
210 150
250 200
120 0
170 0
220 0
300 0
300 200
300 200
300 200
300 200
200 300
400 300
90 20
130 50
170 80
220 140
150 40
220 80
250 120
300 200
100 30
140 60
180 90
300 120
140 50
190 100
240 150
300 200
60 40
130 60
180 120
250 200
150 50
200 100
250 150
300 200
100 30
150 60
200 90
300 150
80 30
100 60
130 90
260 150
120 60
160 100
200 120
300 200
90 30
150 60
220 90
300 150
90 30
130 60
170 90
230 150
90 30
140 60
200 100
400 200
90 0
150 0
200 0
300 0
100 50
140 70
180 90
300 150
80 15
140 40
240 80
360 150
120 50
160 80
300 200
200 120
80 20
150 50
200 80
200 160
130 40
180 80
230 120
330 200
100 50
160 100
250 150
300 200
100 40
150 70
200 100
300 200
70 30
140 60
180 90
320 150
-1 0
-1 0
-1 0
-1 0
-1 0
-1 0
-1 0
-1 0
-1 0
